16.72
16.71
16.38
16.63
17.39
17.48
17.68
17.15
16.94
16.75
16.33
17.24
45.6
46.25
46.71
46.27
44.23
46.79
46.93
45.12
44.68
45.54
44.47
45.61
70.1
70.5
72.99
72.82
71.64
72.99
73.04
74.29
72.9
72.5
71.23
73.5
14.69
15.25
15.16
14.26
14.47
14.87
14.95
14.52
14.48
14.7
14.35
14.22
94.81
94.7
96.8
97.79
99.72
3.55
5.86
5.3
4.43
4.45
5.64
10.15
21
21.23
21.33
21.61
22.15
22.34
18.95
18.74
18.79
18.37
17.88
17.64
92.48
92.85
93.94
94.97
97.44
98.23
98.72
3.94
4.99
4.77
3.97
7.01
50.54
49.8
50.14
50.66
52.63
54.75
55.98
55.3
54.95
54.49
53.5
54.64
40
39.81
39.94
39.95
40.77
44.05
43.9
43.28
44.34
43.61
42.67
43.24
18.72
18.82
19.97
20.74
20.96
21.44
21.65
21.21
21.17
20.79
20.09
19.93
35.57
35.89
36.99
38.12
37.18
37.48
38.48
39.38
37.86
37.78
36.94
37.82
45.39
46.25
47.64
47.83
47.52
49.39
49.12
48.55
43.85
43.05
42.15
43.28
48.86
50
56.78
64.35
64.2
66.25
64.84
64.26
64.31
67.72
61.98
62.74
21.21
21.33
21.2
21.94
21.71
21.86
22.14
22.19
22.08
21.74
20.88
20.6
63.54
62.98
63.25
62.72
60.99
61.17
61.11
61.08
61.5
61.1
59.49
59.16
44.95
44.97
45.54
45.88
46
46.89
48
47.27
47.18
47.1
46.18
46.38
31.76
31.72
31.52
31.77
31.22
31.25
30.93
32.2
31.88
31.79
31.6
31.49
65.88
63.86
63.92
63.31
63.48
64.75
64.72
64.4
65.87
65.84
64.61
65.39
77.59
74.49
75.75
75.85
74.5
76.32
76.45
76.45
76.63
77.25
76.41
75.75
87.9
88.8
89.39
90.5
88.45
91.95
92.96
93.65
93.4
94.16
91.21
92.98
37.35
37.61
34.3
33.99
34.04
33.3
33.19
32.8
33.36
33.48
32.6
32.9
28.85
28.5
28.74
29.46
28.11
28.34
27.37
27.1
26.86
26.27
25.76
25.95
18.38
18.48
18.49
18.76
19.39
19.3
19.39
19.13
19.9
19.75
20.29
20.5
65.08
65.53
65.95
66.95
64.36
64.97
64.8
64.4
63.65
62.3
61.39
61.52
30.1
28.61
28.59
28.95
28.06
28.59
28.57
28.42
28.53
28.89
28.42
29.1
56.34
54.84
55.24
57.78
57.52
59.12
60.92
61.15
60.02
59.72
59.51
59.28
79.75
79.9
80.5
83.08
82.6
85.46
85.44
84.69
84.24
84.05
81.23
83.59
37.7
36.58
35.51
36.59
36.48
36.77
36.62
36.32
36.94
36.65
35.84
37.32
55.07
55.36
56.27
57.9
56.58
56.73
55.38
54.01
52.6
53.88
52.52
52.95
75.9
77.84
79.1
79.98
83.98
84
85.1
88.23
86.56
86.08
82.64
83.93
17.8
18.47
18.19
16.97
17.24
17.96
17.62
17.29
16.48
16.83
16.03
15.5
15.6
46.29
46.49
46.95
47.48
49.15
50.47
50.46
51.97
51.38
51.7
49.38
49.14
50.15
74.85
74.85
74.28
75.44
80.34
80.65
80.42
78.81
76.99
78.35
75.27
75.51
75.02
13.61
13.88
13.64
12.6
12.6
12.71
12.43
12.11
11.69
11.92
11.2
11.12
10.94
13.59
13.93
10.3
9.42
16.25
16.55
12.97
8.27
4.6
6.6
1.61
98.45
2.5
17.6
18.29
17.76
16.96
17.64
17.7
17.99
16.87
16.46
16.82
16.17
15.28
15.64
9.65
9.94
9.9
8.34
9.6
9.57
4.95
4.53
3.86
5.21
1.87
1.29
2.46
55.8
56.52
55.81
56
56.88
57
56.13
54
52.56
53.39
50.9
50.63
51.98
43.48
43.05
42.02
42.46
43.35
43.79
44.12
41.84
41.52
41.99
39.88
38.86
38.89
20.5
20.75
20.37
20.54
20.85
20.71
20.42
20.05
19.52
19.72
18.8
18.9
18.94
37.87
37.96
38.4
38.5
37.71
37.67
37.43
37.94
37
36.28
35.02
34.93
35.69
42.83
41.8
41.55
41.19
41.3
41.52
41.74
40.34
36.96
37.52
36.24
35.32
35.65
64.42
64.75
66.34
68.28
73
73.54
72.77
71.41
68.6
69.89
65.96
65.1
66.81
20.66
20.2
20.2
21.46
23.19
23.86
23.83
23.96
23.03
22.64
22.44
26.78
21.74
59.73
60.18
60.95
64.54
65.98
66.46
67.37
66.79
66.77
67.34
67.28
67.36
66.75
46.88
47.8
47.37
44.97
46.02
46.07
45.5
44.35
42.92
43.38
41.5
42.44
41.53
31.7
31.88
33.54
33.67
33.9
34.49
35.1
35.44
35.06
35
34.39
34.72
34.98
67.48
67.82
68.47
68.05
67.98
67.93
68.77
68.7
67.9
67.24
68.05
66.23
66.82
76.5
76.91
77.54
78.41
78.59
79.37
80.91
82.85
83.08
82.25
82.23
82.72
83.09
94.33
94.1
94.64
94.42
97.5
97.95
97.18
96.23
93.47
94.68
92.43
92.99
93.92
33.48
33.7
34.97
34.29
36.25
36.75
37.3
37.65
37.04
36.76
36.38
35.88
35.97
25.72
26.31
26.25
26
26.87
26.25
25.96
25.07
25.03
25.1
24.25
29.05
24.86
20.57
20.61
20.75
20.88
21.06
21.2
20.99
21.28
20.98
21.45
20.97
20.73
20.96
62.3
62.33
64.21
64.34
65.1
66.5
67.31
67.72
67.2
67
65.64
65.22
65.29
30.97
31
30.84
30.68
31.82
31.94
31.79
31.77
31.3
31.65
30.61
30.95
31.33
60.01
60
60.85
61.32
63.37
64.17
64.09
63.11
62
62.25
61.68
59.32
58.28
85.95
86
85.56
87.1
89.8
90.67
90.18
89.25
86.72
87.79
84.52
85.26
86.21
38.95
38.7
38
38
38.42
38.33
37.68
37.41
37.03
36.99
36.14
35.92
36.17
52.74
53.24
53.96
53.95
55.16
55.79
56.03
56.47
55.5
55.22
54.3
53.29
53.7
84.94
86.22
86.15
86.36
88
88.13
83.76
82.58
82.63
83.75
81.87
80.82
81.12

