67.9669
67.9728
67.945
68.2289
67.9965
67.76
67.8408
67.8423
67.84
67.8825
67.8175
67.935
67.8485
67.845
67.845
67.812231
67.81411
67.445631
67.47423
67.3901
67.4469
67.45328
67.46111
67.47328
67.602899
67.823821
68.02866
68.053199
68.087329
68.129489
68.34835
68.53147
68.61754
68.596161
68.50112
68.49922
68.55824
68.72991
68.646551
68.29168
68.1947
68.14674
68.12915
68.045699
67.90037
67.98276
67.787991
67.69204
67.49844
67.4411
67.33661
66.843559
66.49981
66.487509
66.740301
66.7633
66.75023
66.72807
66.70309
66.72463
66.73545
66.730219
66.790521
66.80075
66.797291
66.84553
66.808161
66.81637
66.87586
66.91254
66.90937
66.87639
66.79251
66.664111
66.72592
66.7839
66.703319
66.711369
66.73387
66.854999
66.74813
66.69221
66.50828
66.61136
66.65433
66.62607
66.63707
66.5219
66.51983
66.547061
66.580821
66.603251
66.622471
66.712271
66.48775
66.547771
66.617641
66.696019
66.684569
66.67323
66.71177
67.01629
67.00599
66.99026
67.071421
67.047191
67.046531
66.924669
66.85563
67.001851
66.849941
66.84884
66.80315
66.73659
66.49479
66.41385
66.377571
66.57202
66.6774
66.70947
66.76053
66.90379
66.989989
67.11749
67.168961
67.12808
67.10043
67.030251
67.055931
67.106671
67.104831
67.182579
67.11174
67.08403
67.05113
66.85921
66.88619
66.81481
66.87006
66.888841
66.874241
66.846309
66.77991
66.75725
66.79337
66.812479
66.81704
66.81499
66.82371
66.93261
66.759313
66.74651
66.71914
66.76942
66.81589
66.87707
67.05693
67.20106
67.33949
67.2774
67.14652
67.14995
67.16489
67.17235
67.17851
67.15504
67.13708
67.09868
67.07981
67.04599
66.89177
67.11035
67.07123
67.110041
67.17766
67.22069
67.25639
67.47417
67.43565
67.37627
67.2353
67.21368
67.24988
67.32097
67.56819
67.588219
67.8941
67.957929
67.95207
67.92974
67.79129
67.36142
67.515521
67.64745
67.41405
67.08021
67.10082
67.13168
67.33132
67.14743
67.282529
67.13756
66.919238
66.879425
66.791737
66.699113
66.595375
66.75674
66.854139
66.87985
66.94506
67.046459
67.281699
67.4148
67.18058
67.120931
67.042689
67.031659
67.01518
67.10553
67.37268
67.66308
67.48226
67.42867
67.43937
67.418417
67.14293
67.00604
66.887531
66.89204
66.956271
66.926941
66.87607
66.693151
66.59001
66.6485
66.67872
66.602691
66.595311
66.555161
66.57605
66.60345
66.48915
66.41984
66.42979
66.42346
66.405999
66.44937
66.53363
66.524761
66.68032
66.645951
66.616081
66.554749
66.400221
66.17424
66.21686
66.522691
66.63231
66.626
66.544521
66.608321
66.53492
66.38361
66.40169
66.554531
66.561241
66.51549
66.62621
66.50541
66.41865
66.103511
66.23185
66.256
66.27655
66.2882
66.353309
66.47943
66.64824
66.81073
66.81625
66.77588
66.8241
66.817559
66.63725
66.519491
66.416971
66.426731
66.490701
66.702609
67.269451
67.34285
67.099
66.98389
67.01784
67.00266
67.21649
67.17564
67.27781
66.99176
67.009191
67.039281
67.03179
67.27865
67.510381
67.858621
68.36592
68.75659
68.7565
68.774111
68.78627
68.54022
68.58269
68.58027
68.67143
68.66941
68.65068
68.42049
68.35166
68.384949
68.12627
68.14921
68.18204
68.154979
68.31543
67.89449
67.91274
67.95452
67.7945
67.77973
67.756951
67.65064
67.95179
67.9009
67.87521
67.857271
67.871561
67.90519
68.07092
68.00679
67.73639
67.704859
67.56887
67.59625
67.6627
67.898559
68.00699
67.70814
67.70461
67.753329
67.702659
67.66273
67.24493
66.792451
66.85996
66.80449
66.830031
66.802571
66.816939
66.67063
66.712789
66.48126
66.503601
66.195549
66.195549
66.201799
66.2172
66.37561
66.29471
66.08846
66.010271
66.010271
66.023301
66.054879
66.10254
66.24536
66.247909
66.312591
66.319881
66.31074
66.462651
66.67429
66.891979
67.08534
67.08173
67.03366
66.77056
66.733441
66.84031
66.77737
66.73292
66.672211
66.693891
66.67563
66.73742
66.5557
66.51361
66.60038
66.80601
66.7777
66.78074
66.5494
66.351621
66.29758
66.316519
66.10675
66.11058
66.101211
66.096101
66.14635
65.999539
66.00284
66.094911
66.096301
66.0913
66.15243
66.22831
66.26897
66.410611
66.008309
65.970989
65.95442
65.77284
65.53714
65.57068
65.54341
65.38538
65.37535
65.347191
65.271941
64.904101
64.99664
64.89954
64.96715
64.93883
64.99506
65.105
64.97142
64.88839
64.714751
64.740141
64.734541
64.8376
64.86998
65.052839
64.769909
64.73928
64.7325
64.78164
64.934831
64.984379
65.2054
65.19051
65.31625
65.32904
65.34106
65.617291
65.702461
65.97742
66.264249
66.19936
66.17762
66.19176
66.11276
66.0812
65.869181
65.75231
65.848411
65.818011
65.873571
66.2271
66.28652
66.39456
66.293769
66.341039
66.351259
66.382499
66.343801
66.59573
66.48358
66.78882
66.658869
66.597219
66.543699
66.16124
66.25998
66.40448
66.36441
66.15269
66.14856
66.13737
66.108379
66.15307
66.33965
66.729091
66.11922
66.04346
65.93547
65.42401
65.182539
65.41722
65.36243
65.104229
65.109619
65.096799
65.075321
64.771739
64.21951
63.78653
63.75362
63.75909
63.75367
63.74257
63.74709
63.86516
64.10571
64.03499
64.04155
64.02953
64.07153
63.88296
63.91312
64.17635
64.08378
64.07095
64.01565
63.80301
63.57348
63.4976
63.56117
63.43129
63.45325
63.46136
63.47449
63.45779
63.36269
63.44027
63.36565
63.35865
63.37329
63.40687
63.45709
63.46757
63.31163
63.40033
63.38376
63.40524
63.37856
63.58962
63.64168
63.71403
63.57109
63.52054
63.51488
63.54992
63.57169
63.54077
63.50265
63.49897
63.52106
63.559
63.73414
64.04567
64.16982
64.07423
64.099
64.073171
64.049901
63.977471
63.8606
64.030379
64.02325
63.975501
64.017099
64.035189
63.96774
63.958469
63.72073
63.66581
63.78191
63.78078
63.79008
63.83132
63.91962
63.89606
63.52063
63.53731
63.5146
63.5305
63.64104
63.69614
63.7436
63.65909
63.46113
63.46048
63.52084
63.60061
64.070461
64.11951
63.92877
63.76065
63.79698
63.80934
64.00698
63.62019
63.45038
63.59393
63.63259
63.64824
63.62812
63.47775
63.38842
63.18412
63.40013
63.7001
63.70039
63.60709
63.21613
62.94021
62.84554
62.95849
62.48975
62.45786
62.46487
62.36086
62.39246
62.36086
62.36086
62.28291
62.28132
62.26218
62.28846
62.22452
62.25672
62.12997
62.07063
62.07962
62.09862
62.2044
62.31298
62.39897
62.59025
62.54183
62.53867
62.54138
62.55071
62.73262
62.40513
62.26756
62.24867
62.34404
62.41003
62.41462
62.52611
62.60465
62.6856
62.83415
63.05203
62.98603
62.94369
62.57613
62.76107
62.73917
62.61895
62.59711
62.58194
62.55781
62.29955
62.19771
61.84427
61.82987
61.68683
61.70701
61.72265
61.78507
61.94993
62.11263
62.20149
62.14331
62.19005
62.17281
62.22615
62.16488
62.16515
62.19121
62.09653
62.10785
62.14579
62.22411
62.33571
62.26115
62.13217
61.96691
61.93166
61.92867
61.74483
61.78422
61.67315
61.83551
62.01145
62.02887
61.96769
61.71702
61.34769
61.41233
61.44137
61.48477
61.39835
61.42375
61.58715
61.6241
61.69989
61.66479
61.73403
61.76791
61.76914
62.01321
62.13565
62.05099
62.10259
62.25525
62.25497
62.36057
62.80687
63.29091
63.52716
63.38583
63.35145
63.28911
63.30107
63.30198
63.21609
63.45869
63.70587
63.672
63.67858
63.65255
63.51989
63.46605
63.39213
63.28335
63.35849
63.32317
63.32687
63.18886
63.55986
63.53915
63.11005
62.54649
62.54485
62.51781
62.37651
62.08463
61.95129
61.86082
61.87762
61.84983
61.85248
61.86422
61.86789
61.87742
62.00992
62.17324
62.13888
62.10036
61.84922
61.81332
61.83594
61.82242
61.73422
61.70924
61.75974
61.91778
61.89791
61.72016
61.7564
61.68498
61.66697
61.63396
61.55115
61.45812
61.50748
61.48024
61.47682
61.4623
61.43588
61.43441
61.39772
61.38248
61.39304
61.4012
61.38463
61.39863
61.39992
61.28767
61.21571
61.24592
61.16241
61.16568
61.19504
61.20296
61.20275
61.26182
61.37468
61.40535
61.42836
61.75419
61.3499
61.35025
61.07642
61.26128
61.2469
61.22305
61.12789
61.37471
61.38185
61.58932
61.6379
61.63209
61.65715
61.61821
61.71293
61.82489
61.55642
61.26172
61.30416
61.25413
61.32147
60.95315
60.98479
60.86944
60.85328
60.85203
60.89003
60.80775
60.94571
61.06145
61.1
60.79886
60.87677
60.87133
60.91963
60.85527
60.58287
60.31074
60.29908
60.27545
60.28243
60.41347
60.51183
60.65665
60.54078
60.53668
60.55956
60.5589
60.55325
60.46396
60.45144
60.5302
60.49266
60.45534
60.49829
60.68687
60.65956
60.71336
60.80384
60.88886
60.89075
60.90417
60.87025
61.14033
61.15316
61.1434
61.13852
61.16807
61.16648
61.2747
61.39159
60.88248
60.92888
61.07406
60.97431
60.82947
60.47212
60.11861
60.09193
60.0503
60.03502
60.04333
60.0382
60.08457
60.05733
60.15066
60.24544
60.19086
60.19873
60.27262
60.15428
60.10236
60.10285
60.092
60.04248
60.02075
59.97771
60.10384
59.76953
59.77577
59.90582
59.74326
59.73913
59.73042
59.74179
59.76703
60.04801
60.07272
60.04251
60.04474
60.05745
60.1944
60.10414
60.17131
60.16536
60.17602
60.19167
60.14766
60.11722
60.29986
60.18837
60.07744
59.72272
59.6878
59.63071
59.27715
59.28095
59.18744
59.13212
59.07106
59.0141
59.05399
59.18132
59.28903
59.30024
59.17034
59.20926
59.16074
59.12267
58.92835
58.90611
58.9207
58.63072
58.41242
58.42387
58.43935
58.39359
58.67967
58.56415
58.43614
58.58882
58.66891
58.76275
59.39342
59.53195
59.52966
59.86104
59.90224
59.91139
59.91282
59.94184
60.04949
60.03996
60.16294
60.08772
60.09795
60.10746
60.29046
60.36051
60.47993
60.66706
60.66162
60.69784
60.73642
61.09829
61.02293
60.72805
60.43264
60.30894
60.31339
60.32219
60.30647
60.37126
60.30683
60.27184
60.3126
60.30016
60.26248
60.15776
60.16046
60.11201
60.07946
59.95968
60.01869
60.01145
60.15051
59.91367
59.93185
59.93978
59.86488
59.89528
59.93869
60.25895
60.21851
60.50081
60.82838
60.98534
60.9991
61.04484
61.2916
61.00285
61.15545
61.1504
61.2351
61.25994
61.20047
61.15418
61.10849
60.97116
60.91722
61.15744
61.12534
61.15291
61.22146
61.79066
61.90248
62.02922
61.80644
61.82264
61.83233
61.96507
61.94323
61.95804
62.02896
62.0045
62.04626
62.09301
62.20734
62.16915
62.10487
61.8161
61.8236
61.86573
61.88311
62.31945
62.05546
62.20445
62.34932
62.10286
62.17268
62.20508
62.37477
62.58912
62.54957
62.55062
62.52916
62.54087
62.56999
62.5549
62.54168
62.58969
63.01366
62.6964
62.63216
62.53551
61.89129
61.76576
61.81641
61.56828
61.55242
61.52632
61.53153
61.49925
61.49411
61.436
61.43834
61.4902
61.57305
61.64706
62.07622
62.15612
62.2918
62.2872
62.20488
62.21605
62.15707
62.15326
61.84034
61.83584
61.86286
61.89094
61.89299
61.8875
62.00138
61.75392
61.78381
61.95796
62.01404
62.01158
62.00706
62.05179
62.00949
61.98839
61.8141
62.16758
62.13754
62.07423
61.7628
61.18735
61.00847
61.11
61.23268
61.29949
61.34352
61.80013
62.08685
62.31831
62.30946
62.42354
62.40333
62.4148
62.3412
62.16458
62.47263
62.47804
62.61242
62.69282
62.6935
62.82237
62.48709
62.39545
62.47056
62.79068
62.88486
62.94624
63.22176
63.4059
63.65326
63.24134
62.97632
62.91634
62.83278
62.45132
62.31169
61.79356
61.821555
61.869048
61.764696
61.677741
61.413014
61.277167
61.357603
61.46614
61.409077
61.439774
61.416314
61.515799
61.499322
61.273843
61.196115
61.176573
61.197174
61.247297
61.573901
61.640496
61.328458
60.968215
60.984215
61.114258
61.498229
61.814434
61.824554
61.640381
61.364972
61.383689
61.442255
62.050702
62.375802
62.568119
62.613593
62.686627
62.566118
62.526602
62.089685
62.492763
62.676053
62.604046
62.438088
62.454754
62.373493
62.074686
63.399162
63.16931
63.031311
63.340404
63.424613
63.457205
63.573054
63.37631
63.994336
64.960647
65.16343
65.292322
65.453822
66.155959
67.068815
67.65036
66.23573
66.177851
66.077926
66.322196
67.1418
68.017801
65.891097
64.286622
63.740236
63.759261
64.05699
64.534471
64.191426
63.320956
63.119413
62.124813
62.01243
61.953421
61.383623
61.386966
61.219202
61.061171
60.721755
60.743589
60.81993
60.939155
61.28646
61.090288
60.916592
61.113409
61.091
61.000811
60.611128
60.692303
60.394751
59.322966
59.082601
59.070981
59.063048
59.126674
59.279594
59.637974
59.617124
59.408284
59.451084
59.416428
59.551528
59.283268
59.391356
59.887723
59.902208
59.895448
59.915133
59.861472
59.993318
60.259214
60.835536
60.423737
60.460617
60.406543
60.196252
60.067974
59.508423
59.405038
59.546082
59.566862
59.685537
60.215292
60.364477
59.658971
59.774597
59.439519
59.359259
59.41393
59.454389
58.696957
58.599853
57.875398
57.546525
57.569455
57.644352
58.040659
57.983524
58.256904
57.905573
57.125208
57.046798
57.020365
56.853816
56.723527
56.544967
56.671089
56.591657
56.573357
56.486014
56.320313
56.200654
55.992785
55.619337
55.79904
55.78476
55.747555
55.679952
55.521191
55.26706
55.039655
54.889191
54.845131
54.839574
54.790637
54.771882
54.7495
54.825823
54.803817
54.765457
54.628287
54.214102
54.055338
54.016553
54.005486
53.744369
53.760349
53.866332
53.853241
53.680063
53.914842
54.2035
54.3218
54.329042
54.288142
54.118729
54.225629
54.24297
54.08845
53.877334
53.899454
53.91735
53.98601
54.135284
54.147776
54.584748
54.546025
54.543925
54.509062
54.3189
54.455383
54.525425
54.629351
54.764513
54.840083
54.863641
54.77805
54.466458
54.4458
54.320809
54.335035
54.318725
54.298155
54.322626
54.348097
54.330575
54.22555
54.360562
54.356312
54.345412
54.308417
54.329013
54.3239
54.110876
54.171003
54.039125
54.076979
54.337151
54.29275
54.219693
54.394236
54.360533
54.360253
54.496403
54.639525
54.776505
54.911407
54.9436
54.984975
54.898151
54.741312
54.264192
53.907554
54.085473
53.969739
54.27527
54.30865
54.355609
54.42383
54.13135
54.233303
54.182182
54.347725
54.211281
54.164511
53.894001
53.8496
53.876292
53.806031
53.622417
53.593947
53.525114
53.209974
53.169025
53.165416
53.235963
53.142875
53.187935
53.187107
53.254007
53.388731
53.781365
53.882201
53.795416
53.777506
53.763907
53.676705
53.656848
53.777348
53.745525
53.732696
53.783956
53.911305
54.425991
54.691507
54.59106
54.552351
54.7492
54.72356
54.73539
54.654167
54.855489
55.04738
54.966833
54.804493
54.812203
54.718133
54.447983
54.442367
54.712303
54.929546
54.7881
54.792887
54.778014
54.947662
54.882716
55.043612
54.973896
55.098483
55.066203
55.06028
54.870788
54.613848
54.866195
54.768335
54.45275
54.350471
54.462328
54.339846
54.261402
54.288845
54.457017
54.460848
54.425178
54.419449
54.260507
54.542929
54.682798
54.685333
54.276672
54.442472
54.370339
54.840339
55.610011
55.401324
55.607918
55.449564
55.433844
55.462672
55.161704
55.112621
55.087302
55.053816
55.160908
55.137038
55.14828
54.709659
54.863099
54.883853
54.868181
54.616239
54.580729
54.650248
54.341765
54.290795
54.420399
54.552704
53.848766
53.797186
53.783211
53.729471
53.832458
53.963124
54.06873
53.655657
53.639967
53.631364
53.577943
53.754296
53.719949
53.527698
53.85266
53.81626
53.874059
53.385071
52.855587
52.871431
53.023945
52.840711
52.785671
52.800105
52.677699
52.986219
52.668362
52.47839
51.9158
51.898733
51.845511
51.740122
52.249863
52.405924
52.421304
52.857
52.909734
52.878994
53.028797
53.521862
53.347855
53.455787
53.3732
53.367867
53.431201
54.287068
54.002775
53.980108
53.978658
54.315577
54.303677
53.998472
55.39335
55.219027
55.298667
55.436179
55.357498
55.346223
55.310859
55.655354
55.892671
55.635537
55.53423
55.518082
55.518257
55.521423
55.632584
55.656564
55.669198
55.678317
55.475943
55.479268
55.462497
55.214157
55.469596
55.436997
55.587684
55.695987
55.692487
55.68348
55.707159
55.645008
55.662476
55.350598
55.260512
55.225987
55.232811
55.237738
55.312724
55.083446
55.516527
55.747471
55.752421
55.753224
55.808127
55.475888
55.615766
55.48546
55.267466
55.245966
55.350928
55.581979
56.141079
56.142507
55.936934
55.33004
55.299815
55.316582
55.112983
55.371652
55.02964
55.162642
55.105839
55.115414
55.121129
55.872829
55.59109
55.410871
55.887259
55.47918
55.46988
55.489113
54.954193
54.497096
54.355917
55.441139
55.617048
55.667498
55.638331
56.832686
57.045812
56.989915
57.044867
57.138543
57.138543
57.133543
56.282328
56.182377
55.912297
55.926472
55.458915
55.401414
55.384748
55.758172
55.580817
55.737658
55.718521
55.442595
55.442595
55.432595
54.93491
55.329919
55.593265
55.659343
55.556023
55.556023
55.534356
56.194073
56.193757
55.676746
55.185031
55.389447
55.389447
55.382781
55.58582
55.982607
55.351473
54.98103
54.446208
54.446208
54.626208
54.425049
54.418439
53.818182
53.943263
53.634944
53.634944
53.633278
53.294686
53.813285
53.130543
52.898486
53.474858
53.474858
53.453192
53.385142
52.911705
52.583677
52.67902
52.48232
52.48232
52.480653
52.516503
52.513361
52.654331
52.501579
52.08988
52.08988
52.069879
52.108354
51.795724
51.456154
51.642156
51.423929
51.30143
51.35143
51.446995
51.480068
51.473213
51.129907
51.139813
51.144814
51.149907
51.138979
51.123985
50.658443
50.791195
50.707392
50.707392
50.847429
51.135821
50.819059
50.726551
51.116758
51.24614
51.24614
51.233624
51.242516
50.647618
50.454656
50.200105
50.149976
50.149976
50.131642
50.328472
50.001799
49.95153
49.982378
49.800158
49.800158
49.781824
50.29
50.340171
50.380285
49.810837
49.487393
49.487393
49.49906
49.443878
49.279923
49.358557
49.495299
48.997685
48.997685
48.994351
49.162688
49.187872
49.286619
49.153473
49.257533
49.257533
49.269199
49.389325
49.352596
49.403998
49.154012
49.497364
49.497364
49.48903
49.378362
49.170806
49.274963
49.053513
48.704856
48.704856
48.719856
49.098157
49.194643
49.486002
49.716529
49.355103
49.355103
49.395103
49.94748
50.200386
50.070805
50.008144
50.258177
50.258177
50.253176
50.279774
50.402017
50.672649
51.417304
51.488905
51.488905
51.455572
51.52755
51.841703
51.711653
52.467012
52.724819
52.724819
52.70607
52.923193
52.910955
53.134025
53.30624
53.08517
53.08517
53.066837
53.035483
52.918052
52.95041
52.783212
52.825086
52.825086
52.820086
52.623195
52.553334
52.873519
52.84502
52.617393
52.617393
52.602393
53.559402
53.910098
53.162599
52.770002
51.982433
51.982433
51.973312
51.710664
51.693186
51.309982
51.310444
51.125613
51.136271
50.913766
51.400285
52.235644
52.010875
52.02538
52.087597
52.183802
52.215626
52.035959
52.38824
52.429488
52.205338
51.355488
51.300959
51.260574
50.9344
50.754719
50.718268
50.361479
50.051251
50.051251
50.086871
50.004152
50.111706
49.851658
49.026613
49.052689
49.052689
49.049226
49.109832
49.156985
49.27347
48.686708
48.701007
48.701007
48.699083
49.275878
49.460194
49.467657
49.771696
49.935061
49.935061
49.926567
49.836224
49.163987
49.356539
48.983017
49.022236
49.022236
48.977433
49.159351
48.954881
49.269235
48.936649
49.11764
49.11764
49.055993
49.243661
49.28596
49.341192
49.125877
49.170778
49.170778
49.062311
48.939267
48.823505
48.999331
49.439689
49.253777
49.253777
49.34213
49.571514
48.366681
48.010681
47.8238
47.218014
47.218014
47.2477
47.550062
47.625781
47.539755
47.217271
46.648863
46.648863
46.617023
46.20739
46.113224
46.003406
45.965985
45.828452
45.828452
45.785298
45.911117
45.941442
46.026497
46.010215
46.097611
46.097611
46.134104
46.05912
45.975761
45.627475
45.614963
45.712175
45.712175
45.707305
45.772327
45.355198
45.330733
45.281727
45.352482
45.352482
45.362582
45.303381
45.259236
45.165634
45.020743
44.73502
44.73502
44.73678
44.594689
44.312612
44.273824
44.089959
44.150136
44.150136
44.181696
44.071459
44.112582
44.136546
44.39986
44.377456
44.377456
44.355799
44.456613
44.453105
44.48177
44.576895
44.494574
44.494574
44.506544
44.493401
44.514912
44.657266
44.47946
44.404789
44.404789
44.403179
44.370195
44.429968
44.37359
44.434674
44.524692
44.524692
44.576622
44.635977
44.826095
45.013492
45.007015
44.995739
44.995739
44.993605
44.927722
44.856537
44.837787
44.962948
44.836212
44.836212
44.821255
44.884944
44.762456
44.724643
44.858276
44.785009
44.785009
44.739969
44.691059
44.708564
44.674085
44.772577
44.808381
44.808381
44.816768
44.837077
44.866447
45.039386
45.090939
45.14776
45.14776
45.16095
45.310081
45.329296
45.198198
45.197234
45.021571
45.021571
45.007954
44.954054
45.060172
45.122992
45.152492
44.931014
44.931014
44.88622
44.95456
44.668424
44.733236
44.690025
44.734806
44.734806
44.749883
44.798907
44.456731
44.486246
44.319858
44.23221
44.23221
44.22896
44.417657
44.281724
44.513343
44.421905
44.37653
44.37653
44.368265
44.334777
44.321525
44.477447
44.438087
44.336436
44.336436
44.309769
44.522533
44.492405
44.346081
44.364417
44.091964
44.091964
44.072227
44.187518
44.113452
44.362202
44.448264
44.488826
44.488826
44.488662
44.565151
44.739614
44.743014
44.823316
44.684949
44.684949
44.653372
44.710886
44.822681
44.949273
45.015957
45.047849
45.047849
45.048099
45.142526
45.101783
45.228092
45.037704
45.187231
45.187231
45.222398
45.19635
44.956518
45.063449
45.020599
44.926321
44.926321
44.934594
45.02729
44.902476
44.943058
45.228875
45.319644
45.319644
45.301484
45.459974
45.140217
45.236744
45.017172
45.152986
45.152986
45.150986
45.294308
45.448664
45.490204
45.460048
45.641573
45.641573
45.64308
45.681297
45.444874
45.237788
45.409722
45.626693
45.626693
45.608076
45.620788
45.564323
45.683416
45.91462
45.862623
45.862623
45.819253
45.646208
45.607466
45.764893
45.569109
45.619924
45.619924
45.606444
45.693411
45.46763
45.425234
45.518801
45.440661
45.440661
45.430631
45.117515
45.05786
45.13274
45.449239
45.319408
45.319408
45.376288
45.269945
45.370534
45.013469
44.627079
44.663684
44.663684
44.693016
44.890981
44.988932
45.028847
45.213988
45.117267
45.117267
45.115776
45.109699
45.075161
45.216717
45.403407
45.380766
45.380766
45.294282
45.455148
45.350384
44.949389
45.128622
45.053779
45.053779
45.058559
45.18823
45.081215
44.689268
44.911006
45.098644
45.098644
45.032011
45.202416
45.29532
45.920314
45.888407
45.842165
45.842165
45.838995
45.590368
45.70404
45.62036
45.450107
45.362815
45.362815
45.314578
45.200617
45.220797
45.41742
45.116606
44.802684
44.802684
44.734597
44.477876
44.296612
44.335786
44.371123
44.071238
44.071238
43.997608
44.118247
44.337513
44.232711
44.410767
44.371117
44.371117
44.402484
44.446365
44.49848
44.544135
44.378598
44.557405
44.557405
44.548935
44.311872
44.303996
44.411733
44.323193
44.152206
44.152206
44.133953
44.106699
44.408856
44.598298
44.42408
44.279672
44.279672
44.364832
44.249944
44.326659
44.552449
44.551871
44.43782
44.43782
44.449346
44.780709
44.869284
45.095638
44.99734
45.220989
45.220989
45.192492
45.562796
45.575048
45.623868
45.689014
45.845145
45.845145
45.851465
46.126966
46.277214
46.300935
46.332553
46.279788
46.279788
46.266491
46.417046
46.582408
46.814534
46.535306
46.565034
46.565034
46.58494
46.680656
46.771582
47.040247
46.903337
46.844937
46.844937
46.846747
46.820122
46.896457
46.900943
46.620058
46.663478
46.663478
46.338661
46.408788
46.522168
46.601921
46.740844
46.714052
46.714052
46.692568
46.757875
46.625069
46.367525
46.108832
46.102129
46.102129
46.067271
46.127627
46.095182
46.139632
46.132869
46.400775
46.400775
46.383612
46.534565
46.751917
46.522122
47.017534
46.920982
46.920982
46.918643
47.103361
47.165178
47.28404
47.102064
46.997312
46.997312
46.825771
46.583136
46.710539
46.803547
46.762927
46.669899
46.669899
46.665082
46.862273
46.974649
46.806546
46.781482
46.679469
46.622016
46.675257
46.61672
46.483316
46.501659
46.224932
46.328261
46.328261
46.32448
46.4586
46.217377
46.093484
45.723723
46.032675
46.032675
46.054353
46.259939
46.519193
46.457127
46.469459
46.811494
46.811494
46.805517
46.863189
47.009162
46.890612
47.111354
47.183335
47.183335
46.961084
46.627893
46.893088
47.099108
46.420016
46.548641
46.548641
46.412263
46.771935
47.225472
47.475241
46.950297
46.919437
46.919437
46.921435
46.854689
46.309242
45.598941
45.597116
45.223531
45.223531
45.212956
45.049295
45.076793
45.186621
44.896285
45.576224
45.576224
45.485458
45.418279
44.981718
44.687023
44.473556
44.420327
44.420327
44.326691
44.530342
44.59931
44.428942
44.348474
44.425344
44.425344
44.444203
44.511244
44.535697
44.485912
44.706135
44.416541
44.416541
44.34376
44.38568
44.221043
44.516177
44.409514
44.276286
44.276286
44.220418
44.434335
44.477674
44.432029
44.492924
44.798667
44.798667
44.769334
44.762899
44.91249
45.073415
44.934403
45.209692
45.209692
45.195998
45.5134
45.475742
45.529288
45.534976
45.393906
45.393906
45.402926
45.449369
45.339475
45.488526
45.580373
45.44793
45.44793
45.456422
45.555711
45.378315
45.602842
45.486058
45.520004
45.520004
45.534724
45.807639
45.707134
45.936714
46.046707
46.061491
46.061491
46.072045
46.328409
46.299713
46.23618
46.163837
46.252345
46.252345
46.265848
46.258069
46.081968
46.093257
46.354761
46.431632
46.431632
46.454804
46.433443
46.466499
46.562205
46.806534
46.772027
46.772027
46.763064
46.312929
45.993801
46.141241
46.296732
46.232839
46.232839
46.169295
46.325527
46.330094
46.19764
46.171669
46.272129
46.272129
46.263999
46.084124
46.032689
45.827345
45.568785
45.702323
45.702323
45.736617
45.612378
45.522372
45.669577
45.335213
45.596327
45.596327
45.618017
45.701498
45.769046
46.201215
46.282717
46.524322
46.524322
46.524322
46.486829
46.703317
46.642226
46.533261
46.633139
46.633139
46.633139
46.673114
46.792499
46.788873
46.808496
46.901145
46.901145
46.773761
46.866132
46.614188
46.702307
46.665645
46.506941
46.506941
46.512632
46.578854
46.551131
46.60795
46.51188
46.145659
46.145659
46.180218
46.050634
46.28877
46.252962
46.435371
46.559802
46.559802
46.586607
46.366787
46.154804
46.373743
46.448574
46.369413
46.369413
46.535185
46.57941
46.158911
46.228876
46.108072
46.307044
46.307044
46.266914
46.636581
46.334253
46.404889
46.410079
46.887159
46.887159
46.825784
46.961599
46.990008
47.346312
46.888098
46.922277
46.922277
46.944137
47.148672
47.186542
46.939093
46.638519
46.494311
46.494311
46.471433
46.647337
46.446466
46.183837
46.067909
46.31395
46.31395
46.271211
46.141562
46.05702
46.330637
46.472007
46.425677
46.425677
46.425282
46.284311
46.640711
46.856734
47.465345
47.659247
47.659247
47.672125
47.737246
47.887451
48.087034
47.828313
48.038264
48.038264
47.969426
47.923927
47.945269
47.918877
48.014071
48.161111
48.161111
48.10548
48.134965
48.207081
48.573592
48.678923
48.426957
48.426957
48.430558
48.494091
48.430794
48.418192
48.662058
48.81704
48.81704
48.855699
48.868822
48.929329
49.023558
48.79375
48.57032
48.57032
48.583388
48.868953
48.89619
48.741084
48.550964
48.537979
48.537979
48.532709
48.643753
48.798869
48.772381
48.861944
48.245597
48.245597
48.223438
48.081115
48.282313
47.942365
47.775884
47.726445
47.726445
47.737099
47.599907
47.36335
47.563957
47.481864
47.820302
47.820302
47.930754
48.342563
48.321792
48.229537
48.156366
48.22489
48.22489
48.205005
48.364396
48.48277
48.350318
48.167951
48.629702
48.629702
48.640002
48.617001
48.568025
48.932992
49.062569
48.922439
48.922439
48.824151
48.647704
48.853043
48.379437
48.539725
47.950813
47.950813
47.876916
47.915125
47.81494
47.802206
48.039198
48.133104
48.133104
48.077758
48.552669
48.45393
48.517825
48.46782
48.116325
48.116325
48.04222
48.13408
47.974064
47.628572
47.708689
47.478267
47.478267
47.560603
47.511854
47.240424
47.403032
47.51868
47.062133
47.062133
47.074786
47.179657
47.021399
46.9215
46.891283
47.192653
47.192653
47.139992
47.559974
47.639805
47.762858
47.226221
47.117582
47.117582
47.059172
47.313183
47.405947
47.692599
47.761805
49.428526
49.428526
49.400396
49.693606
49.633319
49.280639
49.456482
49.149869
49.149869
49.187517
49.124288
49.465606
49.276091
49.764074
49.521983
49.521983
49.585992
49.715582
50.030729
50.481161
50.190449
49.800531
49.800531
49.755106
49.904857
50.281604
50.417352
50.041126
49.749811
49.749811
49.803222
49.710664
49.638027
49.648419
49.835545
49.823164
49.823164
49.801582
49.876032
50.283341
50.000827
50.009179
49.918195
49.918195
49.969299
50.2016
50.556022
50.767667
51.270831
50.489452
50.489452
50.531602
50.357414
50.565248
50.529889
50.364818
50.618619
50.618619
50.566134
50.284366
51.23058
51.404763
51.337542
51.41116
51.41116
51.481976
51.783825
51.142092
51.456286
51.889092
51.692524
51.692524
51.689298
51.668103
51.524605
51.983543
51.932284
51.218123
51.218123
51.056065
50.375128
49.894582
49.827108
49.656897
49.689783
49.689783
49.674971
49.667358
49.80065
49.565227
48.641291
48.625225
48.625225
48.54331
48.674994
48.755736
48.735639
48.559105
48.605874
48.605874
48.580398
48.703945
48.653707
48.386736
48.73613
48.835158
48.835158
48.785026
48.671993
48.850647
48.781291
48.551642
49.161997
49.161997
49.107275
48.986757
49.111258
49.000864
48.546554
48.630245
48.630245
48.593337
48.849201
48.677987
48.950276
48.784206
48.206054
48.206054
48.216932
48.433723
48.690604
48.561746
48.493468
48.238415
48.238415
48.299398
48.491945
48.509503
48.101852
48.203758
48.402104
48.402104
48.411052
48.336619
47.882073
48.658804
47.745905
47.077212
47.077212
47.059142
46.841971
47.591117
47.810941
47.673401
48.689826
48.689826
48.339837
48.093133
48.651344
49.213716
49.450352
49.514238
49.514238
49.516827
49.730074
49.928695
50.027538
49.976675
49.740238
49.740238
49.686411
49.166641
49.291851
49.76841
49.967668
49.665485
49.665485
49.663321
50.102723
49.83113
49.532143
49.167342
48.796003
48.796003
48.758602
48.893583
49.232085
48.0561
47.306459
47.617044
47.617044
47.567504
47.651775
47.342307
47.475505
48.524666
49.517095
49.517095
49.422419
49.438645
49.583644
49.744137
49.814628
49.830395
49.830395
49.886202
49.80872
49.310283
48.963933
48.983557
48.949471
48.949471
48.907695
48.755827
48.475921
47.988493
48.120196
48.529091
48.529091
48.461986
47.7983
47.961563
47.852938
47.738182
47.125779
47.125779
47.066271
46.618928
46.56969
46.584746
46.76736
46.454479
46.454479
46.455163
46.114416
45.965861
45.706528
45.404596
45.854792
45.854792
45.771433
46.369639
46.254743
46.794648
45.907382
45.844605
45.844605
45.737029
45.520528
45.105256
44.825194
44.631264
44.559389
44.559389
44.615971
44.37823
44.021381
44.441582
44.134425
43.872802
43.872802
43.629555
43.717336
43.69744
43.788063
43.726817
43.461542
43.461542
43.378603
43.43804
43.72001
43.551981
43.564836
42.785833
42.785833
42.757004
42.977185
42.622023
42.357081
42.135097
42.154685
42.154685
42.088396
42.077385
42.083341
42.198305
42.467497
42.311246
42.311246
42.309674
42.475655
42.369075
42.603462
42.538186
42.235004
42.235004
41.866297
42.147762
42.05094
42.673694
42.657107
42.682866
42.682866
42.67035
42.783351
43.022034
43.122769
42.818628
42.905137
42.905137
42.824563
42.959737
43.093134
43.262575
43.29223
43.211451
43.211451
43.178057
43.229753
43.181334
43.246733
42.958745
42.850145
42.850145
42.80678
42.620026
42.686316
42.852549
42.962338
42.922848
42.922848
42.896226
42.961419
42.819485
42.822933
42.972561
42.926504
42.926504
42.898231
42.771103
42.755229
42.978542
42.82523
42.675583
42.675583
42.651817
42.867825
42.648589
42.564331
42.410037
42.378213
42.378213
42.328981
42.608051
42.685301
42.867126
42.687364
42.789232
42.789232
42.725335
42.883458
42.77274
42.592799
42.430584
42.549167
42.549167
42.528756
42.623801
42.394699
42.108993
42.021406
41.575891
41.575891
41.536422
41.693471
41.291895
40.975403
40.690745
40.682239
40.682239
40.642126
40.525901
40.471145
40.40776
40.14433
40.170187
40.170187
40.131694
40.194413
39.941155
39.930343
39.917478
39.819865
39.819865
39.770952
39.848535
39.886095
39.954051
39.899978
39.984901
39.984901
39.892159
39.924946
39.932959
39.959253
39.969386
40.008012
40.008012
39.947323
39.971191
39.915617
39.948818
40.016241
39.76325
39.76325
39.790227
39.990487
40.003697
40.013973
40.140784
40.340598
40.340598
40.100299
40.347282
40.173924
40.297084
40.530611
40.304189
40.304189
40.297493
40.266302
40.132629
40.271717
40.414376
40.487501
40.487501
40.438065
40.168353
40.239397
40.254499
40.317115
39.959883
39.959883
39.952416
39.826719
39.703709
39.866815
39.90116
40.005348
40.005348
40.004116
39.854925
40.137274
39.866618
39.699458
39.657994
39.657994
39.625312
39.564748
39.712633
39.616379
39.642121
39.566256
39.566256
39.577276
39.450909
39.460891
39.432122
39.228175
39.122108
39.122108
39.126575
39.320335
39.318919
39.312251
39.317635
39.300757
39.300757
39.317585
39.39768
39.54062
39.370001
39.414105
39.21531
39.21531
39.21031
39.175435
39.223665
39.213139
39.155125
39.217782
39.217782
39.182131
39.20695
39.151282
39.146716
39.181921
39.210679
39.210679
39.200962
39.288483
39.345911
39.346065
39.35394
39.356331
39.356331
39.370151
39.331793
39.357779
39.330123
39.35265
39.41089
39.41089
39.342666
39.431781
39.537251
39.48427
39.486715
39.30983
39.30983
39.302962
39.320361
39.301323
39.285162
39.311256
39.303066
39.303066
39.356845
39.389128
39.351781
39.345912
39.449696
39.575234
39.575234
39.544402
39.674208
39.652162
39.681112
39.620706
39.690755
39.690755
39.656453
39.385291
39.30608
39.296428
39.259872
39.212245
39.212245
39.233587
39.217154
39.21661
39.296975
39.283778
39.137643
39.137643
39.105545
39.21764
39.190865
39.237593
39.235853
39.293355
39.293355
39.277787
39.241857
39.249712
39.286141
39.336275
39.304874
39.392749
39.285375
39.376269
39.482078
39.532277
39.794105
39.64838
39.64838
39.598751
39.618173
39.459162
39.294081
39.186623
39.157675
39.157675
39.162172
39.201407
39.128637
39.069264
39.465543
39.328767
39.328767
39.425329
39.335209
39.385712
39.658182
39.730762
39.658627
39.658627
39.720124
39.631458
39.596857
39.551139
39.591684
39.714416
39.714416
39.760125
39.748086
39.969931
40.367416
40.515604
40.360101
40.360101
40.391414
40.315768
40.356589
40.402896
40.436511
40.524632
40.524632
40.51265
40.663445
40.854986
40.776963
40.662638
40.656475
40.656475
40.660371
41.061114
40.997519
41.021234
40.954144
41.059067
41.059067
41.006309
40.955641
40.773678
41.027206
40.998019
41.09076
41.09076
41.08635
41.158586
40.563171
40.643727
40.495237
40.517641
40.517641
40.482987
40.434682
40.375049
40.294026
40.246914
40.243302
40.243302
40.264478
40.285615
40.315975
40.208172
40.337978
40.364614
40.364614
40.383238
40.237581
40.245941
40.165301
40.163627
40.214265
40.214265
40.224638
40.279574
40.282456
40.262058
40.2727
40.278304
40.278304
40.273035
40.403511
40.319459
40.316946
40.322491
40.244853
40.244853
40.316357
40.375347
40.419562
40.440765
40.530497
40.558286
40.558286
40.608726
40.76661
40.89877
40.866534
40.755106
40.576811
40.576811
40.614177
40.566602
40.603159
40.629562
40.598303
40.651322
40.651322
40.644309
40.6877
40.735035
40.539481
40.624373
40.724226
40.724226
40.846852
40.514484
40.500821
40.305053
40.373244
40.417066
40.417066
40.401444
40.378546
40.590695
40.329918
40.448526
40.281579
40.281579
40.323096
40.453282
40.344664
40.295196
40.494471
40.321687
40.321687
40.398879
40.680684
40.580098
40.710295
40.648374
40.904088
40.904088
40.904943
41.090649
40.713968
40.666836
40.653047
40.648231
40.648231
40.6648
40.853307
41.030938
41.00054
41.032408
40.938192
40.938192
40.846288
40.632813
40.58433
40.752673
41.56549
41.58904
41.58904
41.624545
41.995973
41.907205
41.83566
41.779706
42.424698
42.424698
42.393794
42.709297
42.682758
42.644649
42.682275
42.76475
42.76475
42.752375
42.774558
42.89214
42.914609
43.075575
43.348325
43.348325
43.240697
43.515479
42.836306
43.029834
43.261988
43.458815
43.458815
43.469142
43.546047
43.287817
43.533506
43.998393
44.010922
44.010922
44.032058
44.125866
44.169539
44.082064
44.122699
44.104555
44.104555
44.094926
44.231232
44.236263
44.233712
44.413992
44.109081
44.109081
44.114212
44.092995
44.127956
44.137208
44.033209
44.066149
44.066149
44.092724
44.065616
44.058587
44.103612
44.024568
43.880927
43.880927
43.872104
43.967056
43.953252
44.061416
44.005265
43.969916
43.969916
43.985142
44.01361
44.023126
44.033684
44.047067
44.041439
44.041439
44.025078
44.028331
44.100747
44.110104
44.155028
44.13595
44.13595
44.116579
44.162342
44.223089
44.174446
44.141885
44.163994
44.163994
44.17484
44.160031
44.13704
44.212313
44.282433
44.327564
44.327564
44.383031
44.521438
44.469996
44.293742
44.378013
44.208146
44.208146
44.22277
44.193343
44.244253
44.200646
44.33136
44.33136
44.33136
44.215457
44.190691
44.260154
44.368923
44.417845
44.417845
44.417845
44.414273
44.548253
44.633157
44.649301
44.664731
44.636301
44.636301
44.594959
44.586709
44.700907
44.735056
44.727148
44.567364
44.567364
44.577599
44.562931
44.628092
44.627694
44.507994
44.563982
44.563982
44.55762
44.638979
44.59262
44.594373
44.590971
44.614375
44.614375
44.60939
44.678503
44.684002
44.78345
44.918817
44.788109
44.788109
44.794891
44.895924
45.295603
45.098748
44.876306
44.651954
44.651954
44.610125
44.485778
44.620696
44.67477
44.83919
44.839556
44.839556
44.785798
44.847268
44.818885
44.93305
44.919029
45.155582
45.155582
45.138139
45.235903
45.325588
45.214545
45.324626
45.268015
45.268015
45.23493
45.275582
45.296489
45.207631
45.405738
45.447195
45.447195
45.382279
45.583422
45.601996
45.70259
45.683382
45.484891
45.484891
45.473509
45.498179
45.54335
45.721459
45.84448
45.797363
45.797363
45.868658
45.827952
45.833693
45.827584
45.861973
45.796317
45.796317
45.796611
45.784914
45.897989
46.037261
46.109625
46.047613
46.047613
46.003938
46.090846
46.164715
46.229283
46.201917
46.144616
46.144616
46.149277
46.14455
46.09966
46.231718
46.343823
46.460485
46.460485
46.429391
46.461738
46.430127
46.463359
46.486733
46.46165
46.46165
46.459489
46.463471
46.485728
46.464061
46.424858
46.416189
46.416189
46.420268
46.399302
46.510896
46.479686
46.553908
46.481261
46.481261
46.492775
46.351252
46.436581
46.497668
46.534963
46.451234
46.451234
46.478498
46.514935
46.638444
46.529607
46.50974
46.574858
46.574858
46.59744
46.56134
46.755763
46.781825
46.853391
46.720764
46.720764
46.687026
46.653626
46.89008
46.627824
46.672961
46.305807
46.305807
46.292486
46.201048
46.130613
46.05883
45.991377
45.896929
45.896929
45.892275
46.04568
45.97051
45.948655
45.987441
45.916464
45.916464
45.913928
46.198271
46.255511
46.281402
46.284293
46.008293
46.008293
46.013776
45.860778
45.844906
45.827514
45.813206
45.810681
45.810681
45.760417
45.760741
45.746469
45.876602
45.78715
45.858736
45.858736
45.826804
45.865042
45.865617
45.814653
45.731693
45.693231
45.693231
45.740143
46.209538
46.242607
46.183214
46.025147
45.810381
45.810381
45.831471
45.801964
45.616398
45.399055
45.46477
45.463092
45.463092
45.435387
45.26666
44.872564
45.195462
45.373807
44.948141
44.948141
44.942433
44.92459
44.85507
44.869998
44.836317
44.802838
44.802838
44.840143
44.793884
44.716116
44.85494
44.831651
44.893301
44.893301
44.898491
44.897039
45.063384
44.897997
44.887143
45.057628
45.057628
45.082026
45.079984
45.031026
45.113479
45.007216
45.083936
45.083936
45.051968
45.095084
45.122252
44.701237
44.711988
44.297814
44.297814
44.465923
44.491687
44.531071
44.609063
44.452601
44.529871
44.529871
44.538871
44.497236
44.580816
44.534978
44.622432
44.536507
44.536507
44.534165
44.429675
44.376901
44.29818
44.321187
44.286002
44.286002
44.307291
44.348979
44.214511
44.376994
44.392076
44.362254
44.362254
44.366546
44.321562
44.332855
44.255895
44.208717
44.121692
44.121692
44.129632
44.235011
44.310277
44.248986
44.42962
44.407654
44.407654
44.378532
44.376371
44.549475
44.379957
44.373486
44.391339
44.391339
44.374139
44.287473
44.189583
44.162366
44.178663
44.117888
44.117888
44.121641
44.118435
44.174059
44.178894
44.160162
44.158769
44.158769
44.160558
44.182033
44.154891
43.865423
44.063893
44.02045
44.02045
44.040281
44.014016
44.106298
44.201624
44.184568
44.178684
44.178684
44.170455
44.213208
44.327295
44.270565
44.186918
44.128257
44.128257
44.144585
44.039056
44.022931
44.184278
44.225833
44.435685
44.435685
44.443135
44.616536
44.72489
44.951694
45.050213
45.064472
45.064472
45.012312
45.123317
45.051428
45.223004
45.076699
45.076699
45.076699
45.102849
45.153716
45.170365
45.153196
44.994613
45.286555
45.286555
45.263583
45.311327
45.653696
46.052091
46.033908
46.196376
46.196376
46.162937
46.166208
46.19075
46.147349
46.290284
46.12487
46.12487
46.133803
45.977435
45.88764
45.854735
45.901425
45.769905
45.769905
45.778682
45.712562
45.719968
45.786672
45.728197
45.685598
45.685598
45.708034
45.675939
45.745709
45.654171
45.626397
45.661382
45.661382
45.674155
45.706099
45.740089
45.742248
45.828292
45.411631
45.411631
45.444934
45.246777
45.203481
45.068214
45.087439
45.042415
45.042415
45.035871
44.994231
45.022441
45.03458
45.114716
45.020752
45.020752
45.018298
45.152854
45.124682
45.099251
44.854158
44.811134
44.811134
44.792734
44.907083
44.765693
44.804609
44.737199
44.338496
44.338496
44.327676
44.228365
44.220782
44.328282
44.253943
43.919633
43.919633
43.928354
43.955537
43.999205
43.998645
43.901157
43.835245
43.835245
43.847827
43.876213
43.850659
43.843216
43.852532
43.819162
43.819162
43.839305
43.850469
43.873462
43.861483
43.762065
43.759383
43.759383
43.77294
43.790037
43.828997
43.8329
43.834835
43.853961
43.853961
43.86429
43.909558
44.067038
43.999965
43.875992
43.654995
43.654995
43.653401
43.650906
43.688183
43.615661
43.599537
43.537906
43.537906
43.544136
43.529263
43.483646
43.478472
43.480275
43.506484
43.506484
43.515577
43.528862
43.508844
43.486464
43.478635
43.455874
43.455874
43.444334
43.464685
43.417311
43.478012
43.361897
43.474971
43.474971
43.45955
43.381316
43.383346
43.441273
43.498797
43.473365
43.473365
43.451461
43.179441
43.479161
43.510703
43.531683
43.501446
43.501446
43.485872
43.511235
43.490371
43.492635
43.530258
43.581292
43.581292
43.568401
43.603244
43.525846
43.55448
43.528869
43.490149
43.490149
43.475789
43.515961
43.528144
43.461784
43.475005
43.490347
43.490347
43.508453
43.531971
43.497138
43.55121
43.560161
43.506544
43.506544
43.521631
43.517712
43.618412
43.598974
43.609521
43.501452
43.501452
43.507678
43.469275
43.459877
43.518618
43.585235
43.551432
43.551432
43.55562
43.648941
43.725697
43.692954
43.552152
43.512418
43.512418
43.482678
43.495974
43.498286
43.465275
43.487183
43.427054
43.427054
43.410863
43.454389
43.461017
43.450183
43.457737
43.396137
43.396137
43.370464
43.32344
43.251156
43.407854
43.460153
43.440701
43.440701
43.409264
43.379973
43.45937
43.578596
43.533153
43.260049
43.260049
43.398956
43.672571
43.678765
43.521071
43.657066
43.681636
43.681636
43.679401
43.720901
43.67194
43.723667
43.704339
43.819352
43.819352
43.75943
43.700396
43.713035
43.677975
43.654529
43.651792
43.651792
43.67839
43.704279
43.715057
43.71487
43.708841
43.644438
43.644438
43.668232
43.665684
43.719598
43.7473
43.693319
43.706153
43.706153
43.663077
43.688121
43.681257
43.642854
43.654156
43.572128
43.572128
43.614685
43.578236
43.522676
43.494739
43.489198
43.463715
43.463715
43.474568
43.511702
43.570377
43.614262
43.606813
43.625091
43.625091
43.655145
43.634795
43.620218
43.609749
43.597708
43.601023
43.601023
43.63978
43.58553
43.654504
43.633446
43.791955
43.756692
43.756692
43.780172
43.727435
43.683049
43.743433
43.657811
43.738487
43.738487
43.750078
43.738936
43.652301
43.623379
43.429707
43.357393
43.357393
43.384906
43.347981
43.351961
43.655234
43.677239
43.679797
43.679797
43.678411
43.681855
43.679313
43.713024
43.696562
43.720806
43.720806
43.702541
43.612276
43.66991
43.64799
43.634805
43.639327
43.639327
43.617638
43.562033
43.612294
43.726661
43.819183
43.721835
43.721835
43.729652
43.811884
43.702568
43.487272
43.392347
43.563514
43.563514
43.446377
43.675184
43.706783
43.698291
43.765582
43.709498
43.709498
43.675023
43.651504
43.807813
43.689112
43.843788
43.911394
43.911394
43.900408
43.804646
43.948554
44.065504
44.143026
44.594443
44.594443
44.593248
44.130944
43.999118
43.648641
43.570187
44.061077
44.061077
44.065472
44.096
44.354255
44.522986
44.695527
44.932176
44.932176
44.95991
45.01588
44.99789
45.014872
44.98099
45.019546
45.019546
45.010356
44.997406
45.005585
45.003528
45.047414
45.036082
45.036082
45.037615
45.115287
45.130692
45.126658
45.095396
45.156652
45.156652
45.146482
45.133123
45.308573
45.469324
45.346641
45.339956
45.339956
45.319963
45.613851
45.5834
45.641685
45.59321
45.689512
45.689512
45.678717
45.695726
45.711628
45.794551
45.804421
45.830458
45.830458
45.831083
45.805811
45.799394
45.854499
45.773088
45.739263
45.739263
45.762512
45.812975
45.821724
45.83488
45.822314
45.858904
45.858904
45.852806
45.854262
45.965618
46.082369
45.926035
45.874001
45.874001
45.891981
45.853264
45.815834
45.81692
45.865063
45.796409
45.796409
45.834417
45.843871
45.817429
45.855599
46.12523
46.220221
46.220221
46.229528
46.286892
46.285061
46.31874
46.312224
46.200329
46.200329
46.253162
46.281337
46.304634
46.329754
46.310762
46.255284
46.255284
46.263658
46.312843
46.346701
46.264966
46.239889
46.14008
46.14008
46.192176
46.293154
46.324034
46.326983
46.366275
46.260976
46.260976
46.276455
46.206294
46.281386
46.308654
46.39467
46.25923
46.25923
46.323952
46.326123
46.326169
46.322712
46.297469
46.382522
46.382522
46.390309
46.363373
46.267542
46.228381
46.274231
46.265955
46.265955
46.31972
46.28875
46.091093
46.089767
46.083489
45.627425
45.627425
45.846878
45.967767
45.840061
45.757629
45.619883
45.498562
45.498562
45.589334
45.678625
45.741772
45.945346
45.788734
45.747031
45.747031
45.772306
45.892633
45.975664
46.02017
45.945012
45.790791
45.790791
45.80315
45.851704
45.724455
46.184835
45.881313
45.580903
45.580903
45.632867
45.46486
45.333116
45.357175
45.320989
45.031818
45.031818
45.069758
45.12375
45.042174
45.023632
45.049286
45.208417
45.208417
45.135282
45.219458
45.331046
45.397136
45.456438
45.39686
45.39686
45.402942
45.3775
45.084301
45.302488
45.291286
45.194242
45.194242
45.131898
45.284182
45.162524
45.437252
45.475683
45.504551
45.504551
45.560692
45.208151
45.321976
45.299929
44.984911
44.572557
44.572557
44.629467
44.619109
44.566972
44.672098
44.752204
44.484569
44.484569
44.502318
44.3741
44.159461
44.194418
44.156642
44.033968
44.033968
44.030114
44.090201
44.045163
43.94583
43.852626
43.852609
43.852609
43.860698
43.962592
43.629069
43.781921
43.727875
43.767184
43.767184
43.608592
43.680527
43.644819
43.772356
43.742011
43.65663
43.65663
43.712585
43.378847
43.409756
44.119212
44.123441
44.416035
44.416035
44.417824
44.595849
44.732587
45.007847
45.166855
45.210451
45.210451
45.182723
45.226917
45.231094
45.210774
45.203526
45.241598
45.241598
45.222113
45.268325
45.195745
45.236929
45.251761
45.096955
45.096955
45.230028
45.293355
45.244413
45.202673
45.245828
45.219527
45.219527
45.247755
45.240333
45.224958
45.279695
45.269025
44.821321
44.821321
45.082784
45.350916
45.200808
45.269045
45.236065
44.773707
44.773707
45.071933
45.216593
45.232276
45.208374
45.235145
45.245086
45.245086
45.282129
45.266933
45.284369
45.67462
45.276333
45.270006
45.270006
45.295452
45.288237
45.381136
45.329055
45.326612
45.211585
45.211585
45.328369
45.249485
45.401149
45.435303
45.678264
45.46209
45.46209
45.431168
45.448367
45.42407
45.412666
45.427902
45.423282
45.423282
45.474473
45.526136
45.507043
45.534069
45.575533
45.643203
45.643203
45.648077
45.591
45.576427
45.538183
45.380147
45.60564
45.60564
45.55282
45.55363
45.551374
45.49275
45.306392
45.481539
45.481539
45.50157
45.409136
45.498649
45.500487
45.526312
45.497039
45.497039
45.514129
45.507478
45.462306
45.508054
45.497955
45.625184
45.625184
45.619095
45.611175
45.581817
45.671609
45.743535
45.753536
45.753536
45.799927
45.889765
45.87182
45.876248
45.813008
45.704988
45.704988
45.723812
45.750127
45.607836
45.616705
45.5021
45.397775
45.397775
45.408313
45.396525
45.295742
45.223151
45.249623
45.840602
45.840602
45.46694
45.289956
45.285853
45.292496
45.293249
45.264402
45.264402
45.30827
45.302095
45.285935
45.282062
45.349799
45.109665
45.109665
45.237583
45.299915
45.28281
45.29166
45.306878
45.171582
45.171582
45.281337
45.271225
45.660229
45.657662
45.401149
45.177101
45.177101
45.314405
45.207017
45.322509
44.993243
45.090208
45.285051
45.285051
45.341933
45.447002
45.577282
45.736978
45.821502
45.82084
45.82084
45.799425
45.82925
45.782102
45.783563
45.59923
45.922222
45.922222
45.944364
45.988488
45.880196
45.812458
45.748939
45.702418
45.702418
45.753521
45.709185
45.730571
45.663627
45.744594
45.867927
45.867927
45.862022
45.854477
45.886713
45.906986
45.65942
45.411124
45.411124
45.716058
46.273535
45.811659
45.797081
45.833611
45.807312
45.807312
45.83843
45.819508
45.828826
45.803304
45.877491
45.870051
45.870051
45.92017
45.924376
45.904242
45.863703
45.927421
45.909015
45.909015
45.963705
45.804638
46.079046
46.11258
46.07189
46.179025
46.179025
46.152683
46.125682
46.100897
46.056759
46.1553
46.175461
46.175461
46.14241
46.194732
46.161488
46.163412
46.215925
46.163469
46.163469
46.227015
46.155737
46.300089
46.117815
46.034243
46.407085
46.407085
46.188472
46.172344
46.329003
46.210471
46.382673
46.363594
46.363594
46.342882
46.305256
46.302748
46.406209
46.333354
46.185232
46.185232
46.31605
46.484572
46.506208
46.541915
46.623651
46.501423
46.501423
46.541897
46.801073
46.570141
46.663229
46.791271
46.720717
46.720717
46.694944
46.772444
46.676443
46.749535
46.857796
46.931984
46.931984
46.847004
46.856964
46.870886
46.964767
47.149657
47.016305
47.016305
47.054032
47.025956
46.992322
46.86455
46.330861
46.633105
46.633105
46.793656
46.851735
46.792986
46.772903
46.963138
47.064361
47.064361
47.110357
47.069977
47.153969
47.153178
47.164534
47.125596
47.125596
47.158477
47.22507
47.201628
47.194415
47.318963
47.409429
47.409429
47.339657
47.352477
47.349548
47.326958
47.296083
47.381912
47.381912
47.375459
47.297514
47.356809
47.360047
47.374215
47.345984
47.345984
47.342992
47.338097
47.431085
47.338275
47.527322
47.578323
47.578323
47.439143
47.338376
47.483387
47.415595
47.812446
48.272758
48.272758
47.713954
47.698352
47.600265
47.59661
47.629195
48.362694
48.362694
47.805008
47.836197
47.896865
47.881158
47.966432
48.505024
48.505024
47.948879
48.071941
48.033509
48.016992
47.836431
48.260152
48.260152
47.844072
47.775847
47.684716
47.624736
47.523069
47.108465
47.108465
47.516217
47.488477
47.551737
47.599822
47.645058
47.663819
47.663819
47.646739
47.625214
47.597291
47.695117
47.774134
47.540564
47.540564
47.606118
47.691966
47.720276
47.743941
47.861767
47.753428
47.753428
47.845002
47.841014
47.878951
47.744193
47.646307
47.648343
47.648343
47.682487
47.728284
47.710575
47.793894
47.78104
47.799786
47.799786
47.797762
47.834357
47.806525
47.887042
47.946408
47.849169
47.849169
47.870272
47.881533
47.868079
47.924415
47.90717
47.87322
47.87322
47.9123
47.922385
47.961315
47.912371
47.914588
47.797148
47.797148
47.914166
47.888546
48.011792
47.980733
47.983116
48.350864
48.350864
48.1258
48.108065
47.943579
47.947893
47.892432
47.901423
47.901423
47.960901
48.043793
47.991446
48.018804
48.018962
47.912377
47.912377
47.983393
48.05437
48.133344
48.106433
48.136161
48.107191
48.107191
48.144467
48.162512
48.168976
48.187684
48.186268
48.244736
48.244736
48.220943
48.276819
48.179724
48.288805
48.375736
48.146028
48.146028
48.272904
48.268494
48.266291
48.205635
48.16948
48.091283
48.091283
48.167874
48.124927
48.189543
48.084581
48.229427
48.213852
48.213852
48.213693
48.248296
48.300302
48.266846
48.229058
48.332338
48.332338
48.276507
48.363705
48.369554
48.258181
48.389618
48.248184
48.248184
48.292562
48.433828
48.376831
48.348363
48.455643
48.311304
48.311304
48.353993
48.389586
48.31147
48.345996
48.36644
48.302818
48.302818
48.383542
48.35287
48.306338
48.491767
48.21978
48.312904
48.312904
48.330284
48.312712
48.35804
48.353248
48.314489
48.165183
48.165183
48.289516
48.324253
48.38658
48.329808
48.35841
48.538883
48.538883
48.427083
48.348906
48.377155
48.301522
48.379359
48.401628
48.401628
48.423062
48.347083
48.4453
48.459813
48.344628
48.029208
48.029208
48.318968
48.507781
48.457098
48.473289
48.452788
48.220121
48.220121
48.477328
48.426755
48.488442
48.498351
48.569016
48.442241
48.442241
48.471803
48.497816
48.528691
48.538409
48.559555
48.496399
48.496399
48.516343
48.457179
48.540923
48.518202
48.555744
48.435102
48.435102
48.532651
48.631443
48.529234
48.629578
48.609845
48.694191
48.694191
48.654066
48.655742
48.61913
48.710722
48.489748
48.472747
48.472747
48.599179
48.7118
48.706982
48.673935
48.754151
48.227625
48.227625
48.523573
48.63332
48.728722
48.702507
48.564571
48.572583
48.572583
48.685029
48.845153
48.778079
48.738025
48.889173
52.494179
52.494179
48.788737
48.813071
48.717418
48.774848
48.896498
49.055078
49.055078
48.926963
48.712768
48.823194
48.750484
48.747106
48.647338
48.647338
48.8075
48.94905
48.738289
49.024719
48.832335
48.948525
48.948525
48.939054
48.96518
48.924348
49.043342
49.022436
49.001206
49.001206
49.004705
49.059786
48.961884
49.013534
48.958555
49.014566
49.014566
49.021593
49.000981
49.024435
48.978642
49.137021
48.978965
48.978965
49.00578
48.843691
49.023412
49.036659
49.034453
48.957944
48.957944
48.988948
49.011496
48.946451
48.976942
49.028575
49.117268
49.117268
49.045575
49.043225
49.099363
48.968296
48.960771
48.982826
48.982826
48.989902
49.025006
48.91672
48.939278
48.849167
48.819064
48.819064
48.919614
48.956338
49.000731
48.980061
48.957642
49.137272
49.137272
49.025369
49.155146
49.005293
49.013646
48.937364
48.951117
48.951117
48.911874
48.905848
48.968013
49.003983
48.945343
48.835321
48.835321
48.887733
48.873256
48.866165
48.893898
48.843227
48.78246
48.78246
48.834382
48.82737
48.884606
48.84778
48.796533
48.774967
48.774967
48.802483
48.789237
48.763845
48.770723
48.753619
48.657784
48.657784
48.737965
48.736231
48.73337
48.721977
48.761227
48.570128
48.570128
48.67721
48.79623
48.796869
48.739669
48.732212
48.590598
48.590598
48.683385
48.745978
48.750568
48.726778
48.727233
48.591824
48.591824
48.689038
48.762119
48.744035
48.69992
48.744658
48.727161
48.727161
48.735666
48.735115
48.563356
48.666399
48.602943
48.695128
48.695128
48.69698
48.688444
48.722832
48.651772
48.666508
48.886527
48.886527
48.748141
48.776361
48.685423
48.619321
48.641646
48.565346
48.565346
48.534896
48.527581
48.507735
48.421634
48.392125
48.087235
48.087235
48.272564
48.22654
48.227742
48.316083
48.227069
48.340572
48.340572
48.276925
48.273566
48.287309
48.184734
48.294042
48.330395
48.330395
48.400611
48.383374
48.304854
48.289312
48.264179
48.136163
48.136163
48.234286
48.184224
48.269471
48.362175
48.333565
48.39713
48.39713
48.30189
48.160704
47.99639
47.962154
47.892062
47.430154
47.430154
47.821813
47.815174
47.786401
47.828133
47.83193
47.920229
47.920229
47.841838
47.81684
47.8146
47.818547
47.853898
47.67712
47.67712
47.828574
47.866731
47.89788
47.900467
47.930607
47.967051
47.967051
47.947192
47.955873
48.002202
48.020673
48.017541
48.070297
48.070297
48.056803
48.014018
48.009416
48.009995
47.940894
47.867742
47.867742
48.004787
48.00943
48.078037
48.036311
48.012391
48.079334
47.956817
47.999286
48.009459
48.003467
48.027772
48.028507
48.001523
48.001523
48.012442
47.980423
47.995832
48.010243
47.962685
48.165438
48.165438
48.05478
48.078726
48.090962
48.062635
48.013339
48.052779
48.052779
48.051586
48.072484
48.054685
48.08951
48.061455
48.087575
48.087575
48.137721
48.062683
48.062249
48.093019
48.12928
48.070998
48.070998
48.041986
48.077724
47.877878
48.026738
48.068482
48.010511
48.010511
47.943959
47.859709
47.895236
48.273565
47.974195
48.266884
48.266884
47.990791
48.034106
48.031135
48.027452
47.813484
47.508107
47.508107
47.703818
47.57074
47.487947
47.672565
47.368143
47.525701
47.525701
47.332481
47.293617
47.142039
47.136381
47.178576
47.199341
47.199341
47.112995
47.221837
47.127586
47.236515
47.193304
47.262936
47.262936
47.18435
47.17635
47.094776
47.206601
47.149584
47.144656
47.144656
47.154641
47.143133
47.180695
47.199492
47.138003
47.181201
47.181201
47.15616
47.221533
47.202442
47.135376
47.159488
47.246897
47.246897
47.176364
47.166262
47.150082
47.145659
47.162236
47.193026
47.193026
47.17801
47.19574
47.166505
47.181624
47.150782
47.056248
47.056248
47.097541
47.377538
47.241708
47.214972
47.15134
47.184273
47.184273
47.19441
47.17797
47.166799
47.195517
47.196514
48.84075
48.84075
47.726389
47.111337
47.137839
47.159799
47.184754
46.91339
46.91339
47.06988
46.972581
46.980757
47.057405
47.022605
47.075787
47.075787
47.042876
47.006442
47.002343
46.978655
47.024242
46.908606
46.908606
46.993745
47.103695
47.015072
47.085403
46.978944
48.479494
48.479494
47.578901
47.011297
46.955976
47.080407
46.978581
46.956251
46.956251
47.031729
46.986323
46.950983
46.986192
47.005089
47.009159
47.009159
46.998972
46.965885
47.370124
46.984642
47.011803
47.076208
47.076208
46.99105
46.976338
46.969244
47.042148
47.57288
46.917073
46.917073
46.878245
46.898022
46.813952
46.778021
46.796551
46.779185
46.779185
46.821422
46.807204
46.952343
46.907182
46.889179
46.586837
46.586837
46.768306
46.849196
46.918384
46.796826
46.788334
46.879225
46.879225
46.855478
47.062681
46.988682
46.946838
47.071446
47.028892
47.028892
46.959446
46.893388
46.744591
46.510705
46.502786
46.815882
46.815882
46.653586
46.529407
46.570627
46.728805
46.678563
46.478163
46.478163
46.652866
46.656503
46.616724
46.602318
46.708667
46.727576
46.727576
46.698396
46.744057
46.683171
46.675494
46.707315
46.809774
46.809774
46.730095
46.607585
46.624892
46.656792
46.579881
46.457696
46.457696
46.519291
46.524265
46.540449
46.58322
46.538786
46.373833
46.373833
46.557723
46.580532
46.554268
46.685406
46.672888
46.922519
46.922519
46.72151
46.594926
46.55531
46.664147
46.567921
46.617551
46.617551
46.558978
46.649324
46.65497
46.521893
46.564323
46.558568
46.558568
46.53049
46.404205
46.411992
46.34037
46.39658
46.256793
46.256793
46.363302
46.396926
46.458577
46.514836
46.473393
46.530685
46.530685
46.526297
46.612418
46.323897
46.335384
46.478454
46.239374
46.239374
46.335181
46.456632
46.384316
46.53015
46.544513
46.501965
46.501965
46.847997
46.634613
46.606881
46.688211
46.714132
46.816031
46.816031
46.762117
46.790901
46.717665
46.797607
46.948998
46.992588
46.992588
46.805115
46.763023
46.710013
46.700662
46.716404
46.759994
46.759994
46.730777
46.70022
46.786331
46.763573
46.726675
46.729857
46.729857
46.769525
46.847264
46.805076
46.76662
46.811489
46.693659
46.693659
46.727978
46.757687
46.724042
46.872384
46.769647
46.96231
46.96231
46.899826
46.788034
46.818272
46.88717
46.861006
46.671206
46.671206
46.809746
46.846371
46.840716
46.837584
46.793
46.788855
46.788855
46.818261
46.813783
46.802497
46.832317
46.753026
46.724799
46.724799
46.747651
46.763438
46.748768
46.736161
46.661585
46.299171
46.299171
46.551461
46.70649
46.715867
46.898763
46.655772
46.968041
46.968041
46.837606
46.683123
46.673968
46.402225
46.444141
46.276936
46.276936
46.33836
46.382673
46.390977
46.350058
46.41522
46.345206
46.345206
46.396362
46.377297
46.315515
46.152829
46.103573
46.46248
46.46248
46.255715
46.140262
46.192638
46.159659
46.065923
46.147807
46.147807
46.071171
46.0464
46.095575
46.082406
46.035309
45.756773
45.756773
45.997297
46.071531
46.338053
46.343805
46.077678
45.822519
45.822519
45.796431
45.662937
45.643314
45.64782
45.666317
45.677015
45.677015
45.681369
45.811856
45.5725
45.808982
45.736746
45.739947
45.739947
45.762698
45.857839
45.891681
45.931336
45.851444
45.964158
45.964158
45.965699
45.990858
45.879046
45.741703
45.785228
46.030006
46.030006
45.921083
45.870233
45.81042
45.794159
45.842255
45.674841
45.674841
45.794329
45.821464
45.588647
45.764346
45.564423
45.519269
45.519269
45.43247
45.383957
45.3359
45.137927
45.113497
44.786122
44.786122
44.879798
44.923856
44.914371
44.897894
44.806248
44.628874
44.628874
44.762809
45.033057
44.843094
44.694566
44.753689
44.764816
44.764816
44.75338
44.875576
44.739289
44.719692
44.66755
44.787475
44.787475
44.76004
44.743227
44.665671
44.705645
44.719383
44.402217
44.402217
44.589814
44.644739
44.73569
44.639505
44.730522
44.579053
44.579053
44.662501
44.731864
44.750033
44.718086
44.755311
44.665027
44.665027
44.741939
44.773327
44.694902
44.745848
44.801404
44.85731
44.85731
44.819191
44.704296
44.803041
44.677474
44.722757
44.534685
44.534685
44.61003
44.605518
44.6197
44.619628
44.301472
44.323895
44.323895
44.347682
44.164706
44.180633
44.097932
44.011773
43.929825
43.929825
43.962712
44.061764
44.016269
44.000137
44.2963
43.626725
43.626725
43.94935
44.194552
44.125871
43.663923
43.670766
43.68406
43.68406
43.709498
43.67209
43.69218
43.712403
43.66953
43.68406
43.68406
43.677277
43.682205
43.681122
43.678654
43.65828
43.66501
43.66501
43.682505
43.676412
43.681802
43.686653
43.668318
43.70906
43.70906
43.708576
43.67662
43.666449
43.654188
43.652685
43.66906
43.66906
43.6676
43.645358
43.662973
43.63996
43.609564
43.65906
43.65906
43.637372
43.607919
43.603498
43.639491
43.622616
43.65906
43.65906
43.635187
43.635262
43.599823
43.560842
43.581191
43.56413
43.56413
43.590952
43.596979
43.614067
43.59479
43.593128
43.56413
43.56413
43.587483
43.586474
43.591968
43.57578
43.585927
43.56413
43.56413
43.592894
43.596141
43.622174
43.63634
43.652723
43.65906
43.65906
43.644275
43.645352
43.653181
43.63505
43.633456
43.67406
43.67406
43.665381
43.662833
43.701164
43.64053
43.636313
43.65906
43.65906
43.649155
43.600853
43.636273
43.630366
43.630971
43.65906
43.65906
43.654791
43.612663
43.630824
43.631103
43.646308
43.56413
43.56413
43.604277
43.568193
43.595115
43.604728
43.625768
43.53913
43.53913
43.561579
43.563838
43.562623
43.57724
43.687814
43.51413
43.51413
43.519502
43.528967
43.569565
43.569565
43.532065
43.51413
43.51413
43.532065
43.532065
43.532065
43.532065
43.532065
43.49413
43.49413

